-19.9167 -43.9345
-19.9321 -44.0539
-19.9683 -44.1983
-19.4583 -44.2467
-18.7564 -44.4308
-18.2048 -45.2409
-17.2222 -46.8744
-19.5902 -46.9438
-18.5789 -46.5183
-19.7472 -47.9381
-18.9186 -48.2772
-18.9438 -46.9925
-18.6372 -46.4225
-19.3658 -44.2321
-17.7410 -46.1723

//Referência das cidades
0  Belo Horizonte
1  Contagem
2  Betim
3  Sete Lagoas
4  Curvelo
5  Três Marias
6  Paracatu
7  Araxá
8  Patos de Minas
9  Uberaba
10 Uberlândia
11 Patrocínio


Dados da biblioteca(20 cidades):
38.24   20.42
39.57   26.15
40.56   25.32
36.26   23.12
33.48   10.54
37.56   12.19
38.42   13.11
37.52   20.44
41.23    9.10
41.17   13.05
36.08   -5.21
38.47   15.13
38.15   15.35
37.51   15.17
35.49   14.32
39.36   19.56
38.09   24.36
36.09   23.00
40.44   13.57
40.33   14.15





16 cidades:
38.24   20.42
39.57   26.15
40.56   25.32
36.26   23.12
33.48   10.54
37.56   12.19
38.42   13.11
37.52   20.44
41.23    9.10
41.17   13.05
36.08   -5.21
38.47   15.13
38.15   15.35
37.51   15.17
35.49   14.32
39.36   19.56